initial_conditions = [0.141421356237310003e1 0.141421356237310003e1 -0.173417938086000167e1 0.0e0 0.0e0];
