L_flap = 0.2e0;
x_flap = 0.5555e0;
y_flap = 0.5525e0;
theta_min = pi / 0.4e1;
theta_max = 0.7e1 / 0.18e2 * pi;
xG_flap = 0.110e0;
m_flap = 0.2e0;
Iz_flap = 0.5000000001e-1;
Q = 12;
p_max = 200;
rho = 0.1225e1;
gamma_drag_car_test = 0.925e0;
gamma_down_car_test = 0.243e1;
gamma_rw_drag_test = 0.235e0;
gamma_rw_down_test = 0.92e0;
v_test = 50;
rad_to_deg = 0.180e3 / pi;
kfit0 = 0.107833333333333381e1;
kfit1 = 0.529999999999999694e0;
kfit2 = 0.361500000000000155e1;
kfit3 = 0.152999999999999936e1;
kfit4 = -0.306666666666666572e2;
kfit5 = -0.184523809523809756e0;
kfit6 = -0.236624999999999744e3;
kfit7 = 0.174464285714284628e1;
kfit8 = 0.191071428571429683e-1;
kfit9 = -0.799242424242423567e3;
kfit10 = 0.102738095238094758e2;
kfit11 = -0.144805194805193854e0;
kfit12 = 0.681818181818175475e-3;
kfit13 = -0.901515151515149711e2;
kfit14 = -0.561904761904764438e1;
kfit15 = -0.527056277056269021e-1;
kfit16 = 0.219696969696968943e-2;
kfit17 = 0.633578088578089016e1;
kfit18 = -0.288569930069919656e0;
kfit19 = 0.481879370629360107e-1;
kfit20 = -0.176247086247082211e-2;
kfit21 = 0.236101398601391960e-4;
kfit22 = -0.111538461538457581e-6;
m_car = 900;
g = 0.981e1;
r_wheel = 0.33e0;
tau_gear = 0.48615e1;
eta_motor = 0.95e0;
f0 = 0.25e-1;
K0 = 0.65e-5;
kfit23 = 0.366013986013983128e3;
kfit24 = 0.769766899766904794e-1;
kfit25 = -0.495337995337997506e-5;
Cd = 0.61e0;
rho_fluid = 800;
C1 = 0.2e-7;
C2 = 0.3e-8;
beta = 0.7e9;
Ac = 0.1e-2;
A0 = 0.1e-2;
Ks = 0.5e5;
V30 = 0.25e-4;
to_pas = 0.1e6;
epsilon = 0.1e-1;
