L_link = 0.106339679055709e0;
s_max = 0.802208217331421e-1;
delta_theta_cyl = -0.280838911088945e-1;
L2_x = 0.166094315549671e0;
L2_y = 0.315124862009143e0;
x_cyl = 0.1e1 / 0.5e1;
y_cyl = 0.1e1 / 0.5e1;
% DD = 0.3e-2;
DD = 0.7061352792e-2;
m_sup = 2;
drag_load = 0.5e0;